-0.00676482	0.00481079
0	0
-0.49000363	0.50921931	0.3024687	-0.56377528	-0.29358322
-0.04999983	-0.05049695	-5.4709376	-0.05193065	0.07226191	-7.68931389	-0.19738366	-0.25376108	0.05559265	0.1665047
0.93415112	0.97157955	7.88049157	2.60977863	5.34513039	4.08939128	0.05617924	1.49040977	7.37975714
-0.05000626	-0.04999812	-0.05000568	-0.04999135	-0.04998678	-0.04999995	-0.05000227	-0.0499849	-0.04999573	-0.04998933
8.14694799	9.03497288	2.80043002	1.87141244	7.44004429	6.49835212	4.15117863	0.99625386	7.19558634	1.74834674
2.7331386	0.34869594	1.68808331	0.3649861	1.71469093
8.00835349	9.06418718	5.22281971	7.70902622	4.61390609
419.43008082	-559.83773026	419.43038042	202.30561242	419.42685522	-559.82918016	-559.83771204	419.46161808	419.54963955	202.27187268
